0.6087323474358393 0.1839168916578014 
0.5493215609116796 0.8025453782416878 
0.11667741733706283 0.352671589916003 
0.8880858044261116 0.5780569928206102 
0.19541410749351518 0.7711493860552805 
0.4228909546108167 0.3935626055369373 
0.8399735274162554 0.8792414695583646 
0.826454411295104 0.2848676374787551 
0.8074675112999398 0.046045292757363965 
0.6999608189474406 0.4751551744545944 
0.2806397125422715 0.11361358596878812 
0.3372329356777587 0.8862862356486323 
0.19174607844200764 0.4970213934174335 
0.11757276883595802 0.15931669421653427 
0.4804145242377336 0.6653599028457123 
0.08008412133441423 0.6761830333524085 
0.023185840279468017 0.9059348353887853 
0.6839834247755213 0.7592716557292657 
0.6423591771591779 0.9346393623649614 
0.9510823587387063 0.21654224566111185 
0.5085708432937699 0.03528559687092614 
0.37918993990542954 0.21926350167768416 
0.9026135955315102 0.44002851117221065 
0.8554679424368834 0.6852546782738089 
0.31237927132909454 0.48748164486568063 
0.5704987107151502 0.5077935790348174 
0.23538307964789645 0.9633309909682624 
0.4359683387282101 0.8068361788415433 
0.03752893171596089 0.4955598550979523 
0.9095114801837207 0.9405446318207163 
0.5109693181052776 0.30727227904449794 
0.24583236677252496 0.6134912617619876 
0.021760297006751084 0.035682284466579284 
0.9433887152104806 0.8097628158608756 
0.878684374286683 0.11010089617076874 
0.7210508330951994 0.3451701091984085 
0.7383092065946819 0.5477420683211068 
0.6751958443013512 0.15413693776955906 
0.24928745059235197 0.2906258899003968 
0.47326443140048663 0.8902469656922509 
0.295780417985157 0.6508676201893924 
0.42486560908101145 0.5410188298317096 
0.7530449911198622 0.7843257851881369 
0.41196670125158164 0.0941449894290563 
0.16572073132820087 0.016946846156802975 
0.7327433060230454 0.6932633243132527 
0.8048634512447864 0.9877778743298572 
0.9442308061647197 0.04089694316958259 
0.5956596710096376 0.03236369598615252 
0.11274245455963428 0.8985814255658107 
0.9717598383927265 0.6737090059872605 
0.011382410142420918 0.21094674495478977 
0.615045801805467 0.663826920264746 
0.04679830041167943 0.7580198134060484 
0.08001100569850084 0.5910655846355584 
0.3271154154951258 0.7305467061364161 
0.7242330022025466 0.901745229797441 
0.40349749013177216 0.9884525782674702 
0.8080930305636321 0.19083829520712697 
0.4929267910372754 0.20367817478467382 
0.30518330604847377 0.3689565900399804 
0.9474528325165764 0.3152938165917444 
0.4923423909677154 0.4491975439805996 
0.5794402860519723 0.2993204880212027 
0.18266721387515938 0.21769446377937524 
0.5222412071423084 0.9097340332646615 
0.05024053419241947 0.3186290574172965 
0.7926963261048955 0.49668434736550576 
0.06940952175523457 0.41634772367963824 
0.7507728788053433 0.0383800248038344 
0.1877574816773226 0.37314048794529553 
0.9854593373837488 0.5612133767661406 
0.47323283972714575 0.7141886332718291 
0.6094818857801778 0.43588856788815045 
0.14154138643623093 0.5657334435700512 
0.238022214759393 0.8646860754231344 
0.680342353119129 0.25725207275741835 
0.808385091873771 0.5877358429829145 
0.043895135306236954 0.9743970949421177 
0.32232166928629896 0.15815939781656052 
0.4913912116551046 0.11067637085045984 
0.5134043787918487 0.5706768698186614 
0.6536598059098957 0.8173640637565474 
0.2810608328330982 0.03461576530798771 
0.19878784314432618 0.6869480397946122 
0.6541759907862273 0.566902704563135 
0.13601028055995268 0.24313982348569085 
0.4032521498225341 0.6430126121837799 
0.39462979120541286 0.28228389378995655 
0.9797040129094221 0.09469003407186105 
0.12334270539839887 0.8030261541036599 
0.864181166898822 0.3778183113963842 
0.8484128282547081 0.7590060228972445 
0.04656645317718644 0.08582137487355501 
0.3911636641299234 0.45738918896136815 
0.7086890969985039 0.9868993219686016 
0.15417907455134605 0.43480575716380276 
0.9554938206773436 0.8621517246276802 
0.796088352100231 0.37302446514744564 
0.3139949093701041 0.9239888670948216 
0.11126517907582534 0.07120879923143214 
0.748786289501638 0.2757354934461851 
0.6023790615097104 0.9894217849954072 
0.6627383440267374 0.3599484233162645 
0.3020458516603712 0.5983232684948084 
0.13042214749128594 0.9715220897903047 
0.9917825654884661 0.4676752869093247 
0.9837609860504335 0.38070478845900696 
0.5786225615994122 0.0797505548308936 
0.6844033398391853 0.09867132629678044 
0.5518489288526902 0.6918929329674497 
0.42968752794929 0.9474274921139355 
0.8732521414720908 0.513246912368098 
0.2631095731638343 0.2496883973219 
0.3520457846107259 0.01016058695952049 
0.7607219305812245 0.6298284111961534 
0.200088416510517 0.07932301501296662 
0.008211446932929356 0.6430758688097453 
0.27868111084694946 0.7691145680800915 
0.18462752437948904 0.9005224412031368 
0.8898765792307781 0.22178294854159053 
0.8632423910959198 0.8031577633417556 
0.541165256497364 0.3632136054742787 
0.8044554097758456 0.11101467817631766 
0.20510896757420738 0.5694792829665585 
0.49099081537649747 0.9424325528336268 
0.3410515999674333 0.7902273269626815 
0.6114851959175802 0.8556344270123787 
0.25502092372335616 0.18456606568444567 
0.3272271942977629 0.3032200133993347 
0.10730999830326998 0.5175348699884255 
0.35786510949966266 0.7221939990027001 
0.17049859782598664 0.6496546008671795 
0.021696230746704126 0.8565092748921525 
0.7460445213428104 0.16255912738720224 
0.24899982570109086 0.4225493451072216 
0.969112936527825 0.9932515274774611 
0.4405095610920954 0.07176271763733966 
0.8702989017502667 0.05354721493784259 
0.9808140467521738 0.16122760618711263 
0.7095792916250965 0.4281975924902357 
0.9112657146497707 0.7449684397386176 
0.794522255234218 0.9356444708583053 
0.76796439333117 0.8587958050015612 
0.25643049747868024 0.5450377046148154 
0.5612225682932399 0.6106963533603925 
0.17626883683432032 0.3140188614807329 
0.361642074761264 0.6006620395120796 
0.6618514876394928 0.012464760434985178 
0.5852706260881284 0.7549523768270763 
0.42795907331418637 0.14318001315205814 
0.9138604776690489 0.5273183683536418 
0.667160746193619 0.674541498947688 
0.35584377561589764 0.13110434777405244 
0.3973361327961076 0.921672752909555 
0.04597705219210335 0.3728215728964541 
0.9082906241293965 0.6790603030181117 
0.47389767766228563 0.35778260972858855 
0.824730708240183 0.42155267340187347 
0.042393345175521846 0.25265734505581094 
0.4702178608356597 0.7620375491249751 
0.49462361895841755 0.251173535687482 
0.375169797070479 0.3768152526872163 
0.4285280778310532 0.5830584624383438 
0.4904694754307227 0.49858290199965183 
0.6017197570597078 0.11959744605687156 
0.1891120817300183 0.1557333166147742 
0.3039219472542842 0.9915000223562012 
0.8872575246609876 0.6324668402425937 
0.8531193981614054 0.9563621151410975 
0.14390570390357849 0.7541228321034203 
0.02129045021241094 0.5610804004101936 
0.4514630223043992 0.22250405434204984 
0.48858512783414254 0.8277194217133005 
0.2844954045572377 0.8421830889780231 
0.06238389571458408 0.012971541206904302 
0.9550128631380415 0.5839836264390602 
0.4190148223290235 0.872676658752075 
0.8597400121487284 0.3146289015685004 
0.5801593054122846 0.9313020789437245 
0.6344780598471441 0.46281808315678097 
0.3775501679186059 0.5241243439394572 
0.9781904083470244 0.9196867525518482 
0.9084696617078856 0.3458496583106145 
0.5419357889056547 0.13734211807243268 
0.9364897175262611 0.13642353822392717 
0.8032575803283842 0.7072179506664609 
0.8254945118785013 0.6353742429646716 
0.34652833668083544 0.2578425299136323 
0.517731525917587 0.7397752786153733 
0.04790112848254058 0.1608377215161071 
0.22621882684039119 0.8249381620543903 
0.4277815161431653 0.008152657359400628 
0.6257894865808588 0.2632506589540916 
0.026074924266566213 0.43603865730257624 
0.9903049433136047 0.27137770943648704 
0.24470767265311527 0.7237902366925805 
0.6414022970015163 0.6234143223865156 
0.10901061123070238 0.84532248444542 
0.6098643518000566 0.38090190252099254 
0.39078108862624833 0.7118033226122564 
0.08206836054919053 0.2959695657061891 
0.7467885278640944 0.10607291240430011 
0.35115908709612154 0.4432718699810664 
0.2489705338352105 0.3707331628251185 
0.14518947954368588 0.7036853934795366 
0.6889095154192958 0.5348240821741004 
0.9770462443288396 0.7306775824625069 
0.7931363402154975 0.7873337816941228 
0.526445655160242 0.4044823855810459 
0.7836377122142363 0.3111854371483625 
0.6191406365138228 0.5636184116304744 
0.36920639564300617 0.05665266090521104 
0.6787782725314792 0.6230708508865075 
0.09954266972479253 0.20204699898613604 
0.2296524150194612 0.054938961573289036 
0.9005956192043172 0.8601950484324123 
0.07260499841444212 0.11436622570335664 
0.6839601966480664 0.8713822506527642 
0.09365002064517758 0.9347121357440308 
0.679699661762157 0.30922910470025394 
0.737992359224601 0.203293782046977 
0.3458836434449339 0.5389355640839498 
0.39479224678739855 0.7752552252085557 
0.24684343745680115 0.46408183408640247 
0.8751567859181671 0.011221708353574333 
0.03174379699147084 0.8075696320702455 
0.18231527545830473 0.9897958588458959 
0.3479831440047012 0.6818573030333088 
0.7592720797137358 0.45505404752071643 
0.6487750801985526 0.959208419384389 
0.29293028586770076 0.4304278346799776 
0.9776039908050873 0.027269742592838542 
0.6911485555607869 0.20373762624212527 
0.037054483489367684 0.6878998860068586 
0.6749929169543119 0.05109284269447356 
0.6273973089735744 0.3237772838303101 
0.5642486929102171 0.19684659483759698 
0.4813113729468504 0.9649217460398261 
0.4620687110927834 0.6361586506831778 
0.9183369928507121 0.47304532644991754 
0.4272818250138076 0.3234830112803002 
0.7258594922557027 0.8300919054315716 
0.3047836139886073 0.0795595469462595 
0.6220878025163736 0.723658861694304 
0.1001522910355559 0.4542476316527516 
0.3751236371928156 0.8506225142458045 
0.9857639891697219 0.7981003127878638 
0.15953040510539174 0.7952209956914886 
0.8240822097455758 0.2405977216301305 
0.6245678428251321 0.787168683520306 
0.8635550107608287 0.4669384656732 
0.4391065962441245 0.49242871763758345 
0.7082564179874185 0.37311629693429016 
0.734391383443978 0.7307155436657836 
0.12077911637340977 0.6135538026989286 
0.7462086831990169 0.9804356908092264 
0.5296274253314985 0.9572933012717146 
0.21899576872847965 0.6396711893877107 
0.5978838298821817 0.5305839674591265 
0.13776551531887515 0.8644156973236155 
0.7971342957894695 0.5470909928998857 
0.11570860535094923 0.3929190285025833 
0.8149555622574451 0.14057225765660186 
0.6927211453804509 0.9263593031923306 
0.3804973755317662 0.4292999424800359 
0.27453671926177636 0.9047617252499354 
0.14108392477022036 0.003530050654175332 
0.14193890126594488 0.09394001104860461 
0.7226639419160471 0.6093590072189883 
0.8982038737305733 0.24104678395957474 
0.38145789912749495 0.1784378344201925 
0.039874483362034474 0.6245899754928609 
0.5295415562812354 0.6700097216590403 
0.8963533037955692 0.16385041023230612 
0.08404201258842076 0.7531959587652196 
0.348611516627538 0.9762840853797373 
0.4887301021032487 0.3960742278100764 
0.580199226028575 0.8830584069192562 
0.7436714522270447 0.9467828379423111 
0.9593153046557665 0.42504810326076614 
0.8849279553977651 0.9179075842649477 
0.5292822148250452 0.8923931597884096 
0.30638565464790624 0.2146018868022852 
0.18347640836052553 0.9352704755598076 
0.10846596090186195 0.5581299761716728 
0.4389386598215167 0.25769835013278797 
0.5741557789170526 0.38732980739190276 
0.5517500870456887 0.562050021491072 
0.11823380741000533 0.28989648362347936 
0.6607496647692703 0.40011786391436255 
0.2946480113829123 0.5290715506898434 
0.9884676931450191 0.5271487405213292 
0.8475452952560821 0.5661942433954731 
0.8044826611045264 0.9017510669658217 
0.09245437349835561 0.37714279403777995 
0.5760831292364655 0.45461997437861607 
0.6119109945289621 0.2213450934786962 
0.5358302769549621 0.633742366329098 
0.46920303421658044 0.4382755308401368 
0.23540628650267253 0.10538321163515829 
0.22134334831524782 0.5204799471910917 
0.19635080122702464 0.2502249231020248 
0.286771350456736 0.7144802537107775 
0.39615277095445567 0.5876121697408366 
0.46385240977045494 0.15000681900877078 
0.10266337446953866 0.6315402720175648 
0.4875749062961722 0.5460345604079978 
0.28995260507434667 0.33689932142882334 
0.8139945479865366 0.3498377926149039 
0.9728704888416031 0.6294781017360065 
0.538820978842672 0.45047617017842373 
0.9092357580254453 0.9764472034036344 
0.5880905256486237 0.8345333981690648 
0.7574984966166565 0.38130877079287634 
0.47997616768012513 0.07961636838047642 
0.5677160984652058 0.27697466066428367 
0.5876792198486873 0.7160800614734276 
0.9738667541696677 0.3442697037733312 
0.7739913978707709 0.6688501350350008 
0.16199716210285686 0.5249150033839163 
0.16895314815814155 0.7319267105469938 
0.8128528242871662 0.8134681632512297 
0.9181382082255216 0.027218290727136607 
0.209518553122936 0.19765917084755674 
0.34810400691329824 0.35732271646479163 
0.23850179450940973 0.7885329612198249 
0.009485351226025951 0.31521012909282237 
0.5332912562425665 0.17581518022125686 
0.7480851764950561 0.3200809820521918 
0.908167915937893 0.07079917142820291 
0.9299348191040632 0.4088511835614355 
0.7979043117042715 0.8726212277812421 
0.8344060882839945 0.18432431019162848 
0.05399115715377406 0.9202552764821859 
0.459447173665648 0.03401440347906293 
0.6386586607523528 0.15024647732987867 
0.1512045367712826 0.1446652835053845 
0.7515753271290289 0.521578690708931 
0.018804734796797007 0.18193327867707393 
0.9780063450205291 0.8373193937861854 
0.15815105529937512 0.18917989346083025 
0.627277459064943 0.07472305823070358 
0.0288865199047475 0.7185699053068912 
0.19015588715614723 0.8365621683744237 
0.08197849769536181 0.04663305635857823 
0.5901299569759118 0.32517044229507197 
0.49134150425564094 0.7926232322414575 
0.16543486743120334 0.04965370467534602 
0.08874186967567466 0.26583332513399494 
0.0792478161987702 0.7836268826328973 
0.025926846973047757 0.07879907502505679 
0.4844329726847765 0.32057825920763133 
0.5356285996785377 0.4835311537841816 
0.9473283895137965 0.1781771810467403 
0.8699028633462841 0.42768832595691597 
0.015003939019123058 0.1344043870096333 
0.8149133044243453 0.4517833683107855 
0.3317296521399828 0.8194975431231989 
0.6882686226948653 0.7964612489411196 
0.9483798744285606 0.7857443713694855 
0.7027015272076582 0.0071968884673651035 
0.8533977326094209 0.07372305535452922 
0.8689010037522396 0.24755643224119356 
0.45327270049525525 0.6876887609600413 
0.43485595877051686 0.04169211057792305 
0.2762586250165703 0.7913507004844509 
0.7649466868801957 0.7392190921318413 
0.7879644295668512 0.05562394254469599 
0.3952525213363943 0.8291907425197569 
0.2468133237031317 0.022626936751625637 
0.5256141491635308 0.8631092768836414 
0.3396459077303805 0.6220403229091774 
0.9483735294729849 0.26794151085312123 
0.7000595216769572 0.2720944031021535 
0.25007128810371093 0.6566376574862242 
0.903567809909787 0.827474581799186 
0.2011611680232258 0.7338407648357249 
0.4348580233342762 0.9033441310875181 
0.45579606163000186 0.732267741347732 
0.09920895087965337 0.9503711614972907 
0.7092832720481247 0.6683989680384026 
0.31916539527443877 0.042919650030349865 
0.18489793663002174 0.5989275576684292 
0.4448286411635424 0.19023413622823448 
0.649515533943026 0.8675337136344299 
0.8414494591713828 0.5218469506042671 
0.5331567621591349 0.22721560602717417 
0.026915477628661533 0.5358951901657429 
0.8105263710831465 0.015453402871895006 
0.7710044907303437 0.005966360914565372 
0.6515310327405248 0.508934605521617 
0.5424719199019725 0.05131842553769295 
0.010664051642039984 0.46636474934046745 
0.5525349517527085 0.32798665825080453 
0.9316116107581702 0.5850266138380629 
0.36831179377947265 0.33069374167866294 
0.1202475723684363 0.4723501097797862 
0.19684484463006174 0.46144474047731554 
0.8332044343303696 0.13466006183640744 
0.41569441332214774 0.6770987862761808 
0.07497899121211526 0.8872403380084632 
0.14231317184526526 0.324822486745199 
0.34433934444845377 0.19656928882393498 
0.909799071009273 0.779047479489085 
0.7972293658230682 0.6100506521612618 
0.6400388449201535 0.20815646020361916 
0.5014228712966959 0.5931750138450373 
0.4360701838733498 0.6230076858678646 
0.21842571664378313 0.012221796892056602 
0.20893906598910528 0.33213470212654744 
0.9672325676220667 0.2186190589745855 
0.6651820800739731 0.98065468778991 
0.7267113959267192 0.06396839510914953 
0.006691058973790576 0.40927882430858903 
0.08471686897919567 0.4802789628841225 
0.7934001212845678 0.22662565236221183 
0.44946169363275634 0.08997134860568246 
0.6516844545036793 0.2578531758031436 
0.01853432845069547 0.3481891760799315 
0.3157915752165602 0.25121293608793854 
0.22198849374540197 0.9025956165033897 
0.23037951646221827 0.12899024838239098 
0.7331477568507079 0.6391173215521697 
0.5550947541247245 0.9756532427031328 
0.27012883094686224 0.49090211417732194 
0.185775631494774 0.8717766023804077 
0.26990082336615523 0.5873555691834889 
0.4542375173497414 0.3992017380382308 
0.24575745385102693 0.9767711440221014 
0.4646247628900414 0.838749504366231 
0.5260934354836994 0.5049082327575992 
0.5249701638340772 0.01609618728114187 
0.7704677681399101 0.1516589035186942 
0.3175603672084226 0.8695079821392493 
0.9506140984987234 0.4667289192649779 
0.9291152741382299 0.7450891845442609 
0.14578801694353688 0.9111241401103828 
0.3292352834578402 0.41256686746700794 
0.8245107167788301 0.7168204512664108 
0.9707698975493292 0.30262565342343195 
0.16868777208199448 0.3905662715161611 
0.9513284603859046 0.7089875651585552 
0.16335005283485432 0.27495497509275557 
0.7794166394008215 0.2883875973332037 
0.40599112256950276 0.2630099988136305 
0.34984077503772903 0.9357260995018265 
0.6926767394268537 0.17541867758830876 
0.06922595802189191 0.529003490733317 
0.015233328677331792 0.7752406961249948 
0.9603465267006539 0.12645153428943562 
0.0026810347042890426 0.0127441340850446 
0.7989441916282645 0.40975868265371246 
0.7533464510228559 0.6070226377739325 
0.8442313514477076 0.8381070658980505 
0.5061542303444831 0.09399655833646342 
0.8518369809575388 0.7182440115868145 
0.9652725752613383 0.8802357787980121 
0.910417293776682 0.643911235082961 
0.3070065749851962 0.7621478189709091 
0.9914909401870282 0.06896689586562904 
0.620977815863677 0.9801452539194024 
0.00603044164222194 0.9508905071397393 
0.9300687472887587 0.9343389814252039 
0.7016677822542123 0.5769014762805847 
0.08232708466856753 0.9889177330380299 
0.8666533113459948 0.6244691715994428 
0.8453049829785393 0.9807132597132973 
0.5866558295876909 0.6502837121140039 
0.3572840735914883 0.5012343581306712 
0.8152839952373888 0.7437029908022259 
0.22296698373943585 0.3044526675594363 
0.08102118749499337 0.7019866802848714 
0.2566922963696834 0.9395208332496816 
0.3775461104459069 0.25883833208839624 
0.9852888740855686 0.4403541450797722 
0.9500429614802128 0.8940687038879602 
0.27597304351187696 0.06397693373097968 
0.00020476300949401338 0.7462933554647002 
0.31671446058813707 0.13189838013356076 
0.05260271744228312 0.21701620344564188 
0.5990264903238 0.006453581951315401 
0.2600351503325926 0.2053820995076639 
0.6525629150022634 0.7786416447975819 
0.6670958014978363 0.9231572810519793 
0.8297657510017604 0.9061563191368734 
0.32285653510780354 0.5930091933592537 
0.19617239546834764 0.5312655191853809 
0.7015327952207118 0.3927676558687616 
0.4102245276513763 0.23094314342660377 
0.8565468772219998 0.29678194117210477 
0.3902281186815302 0.03854103759198657 
0.36222732992176815 0.6333458934406051 
0.017107898073756678 0.2802901822986636 
0.06333355231918869 0.6497817101641391 
0.7055531695727136 0.13080043588369705 
0.6760204496761698 0.7052135013369916 
0.9514595149263623 0.5612207670729095 
0.949528452901422 0.641509308343106 
0.5597293019466292 0.7698813957803368 
0.7474430739958806 0.41962467816526233 
0.5597246209596335 0.9353454411426931 
0.45937375602191316 0.990608238145758 
0.14596042142843907 0.22533405075367607 
0.4413297229373021 0.4447686484435674 
0.8215136409042172 0.9423864341170439 
0.136027696064503 0.04305926981778696 
0.6431048964053445 0.7070354035904399 
0.6939894268396848 0.6453917601404919 
0.12528168019738978 0.18815630395128313 
0.3401431096179274 0.29231614316290744 
0.2812686692200085 0.6944753198718991 
0.40288402120218303 0.42033483022126483 
0.20080587123184412 0.2690774962842184 
0.38738057756279937 0.8916162120042848 
0.4959443419461749 0.0031194465856634324 
0.5298647582282265 0.261087653249911 
0.3759744538061244 0.1315287279617025 
0.821383020024658 0.7893286656041905 
0.46129841601430305 0.5023388888650404 
0.7748305077719061 0.9680679785687143 
0.23001036748890946 0.40119424750800925 
0.6653971792120921 0.12151682130076147 
0.7436218720449492 0.7552633266510109 
0.8663956744073094 0.3357061465824912 
0.08524929785102486 0.17562128209431627 
0.11100921735674962 0.13764002212738247 
0.9443323575661465 0.5254350404036384 
0.5925845768286009 0.14810355323266217 
0.5030359789271556 0.8913992928175298 
0.8359742467946141 0.03468524225329633 
0.8658133063955594 0.5570034548511189 
0.5913721318899974 0.6123753761659743 
0.2628009349134326 0.8179223718352244 
0.08191372756969478 0.8614275734055783 
0.4988225886931815 0.7132982599834068 
0.781016068505678 0.8103512987911632 
0.24455173959573706 0.24272634309008578 
0.39751161499272347 0.34194650887751926 
0.8421524410742784 0.2241396724112555 
0.49372570515786685 0.3676376196716873 
0.4952966521737003 0.15821541190290217 
0.6502409637655636 0.0308468139581779 
0.6069270239015316 0.900500700295794 
0.4677133548456686 0.5802401534268733 
0.8782502595848762 0.7565864243182003 
0.537385925045849 0.5199743478782419 
0.6575632989224097 0.27881204689816363 
0.49894258012330456 0.28662204153313126 
0.5931622448067092 0.4740967261207774 
0.5626716168611807 0.4090951789258966 
0.15008295284023326 0.48608910825846696 
0.2096918838307958 0.6646808059637808 
0.860298848688213 0.9820529330763667 
0.004675877617811741 0.5910446241253948 
0.42510380120634084 0.8412726192219335 
0.7754781562630286 0.46917724676095185 
0.6625603058326168 0.8351561806860585 
0.316186042298644 0.9580091619010186 
0.7313782466067372 0.24452192550465557 
0.7467277575018936 0.35777989257315734 
0.7736617777838037 0.5529070669528883 
0.363003826655927 0.7486200067200168 
0.4005893351246804 0.20459424411145655 
0.08404533705150397 0.3230865527231532 
0.3566286650886576 0.07588296988129883 
0.17218037347278564 0.5654178771488783 
0.5170503401499121 0.8425062057589345 
0.30846126188461426 0.7082020370029509 
0.703052786605742 0.9514030515846397 
0.4249456380571226 0.753106059376082 
0.8953940746341371 0.4942437014534261 
0.6471684688457627 0.641462230919127 
0.9163171433667153 0.09512181548942222 
0.9983306095549531 0.7194990575483837 
0.007121780834416058 0.5376222573498075 
0.6901922843160683 0.5051921471370168 
0.5819139562378679 0.5457608530210457 
0.704401048958279 0.32290160394749545 
0.5037977251127774 0.7443301656277489 
0.06770361797428104 0.06102219799908104 
0.7177882329984797 0.755404378806153 
0.4624603764940967 0.943281682976993 
0.25325696686817123 0.07905195192909642 
0.23988865678363547 0.700571315544236 
0.42891484767675064 0.2834613779638688 
0.12881293154630047 0.4442596317552447 
0.9615630270910273 0.49348829618163403 
0.08361692284171862 0.7298511656806403 
0.665611335178079 0.4270871624016077 
0.8764523421407078 0.7091462873497898 
0.03650080465154382 0.5866660596625086 
0.8591315286986945 0.8901051476379505 
0.3112988207881687 0.8017372621421841 
0.3595286676227559 0.5555063351140009 
0.9934461021446915 0.6080865477860405 
0.9235422363818516 0.8408978871163628 
0.03993341456025912 0.4630327442837958 
0.8167318660718652 0.658053090924459 
0.9497436896206817 0.3574005697838847 
0.5491855701620174 0.8454952906289064 
0.340622010112149 0.850762439055466 
0.22513503973616056 0.5941679083102229 
0.014114461782456789 0.8279085393331467 
0.5799792490263673 0.050153233452274515 
0.6984080544256399 0.8823122964222164 
0.8681756458117111 0.6555511273461014 
0.5329097735526913 0.6559124095094228 
0.7241113150533979 0.8786834833166232 
0.3547511061090292 0.10223586521334671 
0.36348691217488815 0.6930869341417301 
0.2077532291430647 0.039176195102668454 
0.9159646419687986 0.8116149401085027 
0.3411374452592419 0.15465211364982573 
0.5060448501691289 0.6199684196649627 
0.10709016892449774 0.23567944632392557 
0.7783063500158648 0.16749531889631053 
0.9523364232657199 0.9521461093289241 
0.03520433566277936 0.878673083777264 
0.17290507127860838 0.41755482512118364 
0.27686284548827456 0.1394368811053629 
0.6247558931974964 0.35294802219622723 
0.6325827432695652 0.9025054559500391 
0.7911661860614914 0.09323878145626768 
0.6140738019011747 0.41252701955913407 
0.07098543470967417 0.3842146781587108 
0.15661901911395826 0.8247455410285363 
0.9936691346276707 0.9499553176929711 
0.5165495646203754 0.4329273401730267 
0.5843218485721239 0.25381894123038284 
0.24093117675571135 0.16606528361618456 
0.4246876413103997 0.7843107580984546 
0.18341622756338483 0.13257956662268888 
0.32340529553112585 0.39786807704994825 
0.679510989675383 0.5662691705462497 
0.5515675633766509 0.6487376900387299 
0.8597534377892024 0.5977246206967555 
0.6993762741568341 0.2253846196618282 
0.7189855573513644 0.021710043362661857 
0.4425098334585775 0.3799709090447814 
0.47316240781165664 0.2870722085884156 
0.7476934405267962 0.900312543864626 
0.5472580757254645 0.7237365707277312 
0.09981845369945552 0.0874840234503228 
0.16667067534228686 0.06455169567997726 
0.9179235609985004 0.32357832525221863 
0.6166703137214941 0.7627379168959969 
0.7967063582322809 0.8457745064632046 
0.8233692490918536 0.08679406325359107 
0.9279715028125559 0.3729152648621372 
0.12297670612402856 0.649568097675701 
0.9042481639936617 0.557761896161841 
0.5231489016867068 0.9818984715402745 
0.11135717369442849 0.9941144130696029 
0.1849341683464481 0.8133811258764305 
0.31243169441398777 0.31171423919263747 
0.34020027262926156 0.219894582870803 
0.012548617285671526 0.688488681418584 
0.6903536382399769 0.4572615341334412 
0.11639322221433024 0.5874695753792444 
0.3023673486911107 0.1706379711122079 
0.7623447797220355 0.7070209145954729 
0.815305116949012 0.48892338130020063 
0.28934210131649374 0.4615341708615906 
0.3058309791181712 0.9028893510689341 
0.9332377523532617 0.215764621737698 
0.8968886498001947 0.39478412576756583 
0.9007283045922769 0.1320403107715586 
0.298282693954095 0.6197644833537409 
0.9287494113003403 0.6107910573733484 
0.5042742407437264 0.3427229208818317 
0.5401138215187574 0.07210156037358939 
0.2887218246111878 0.38520601554279893 
0.7518726823893381 0.8092579001638898 
0.5432838210948321 0.30004947311780844 
0.6105827099424842 0.9587676938920473 
0.05154428694111335 0.39301466880343205 
0.8739503506451134 0.16565939988129724 
0.672595589687258 0.5223006109809971 
0.22392038161307104 0.9792147643292058 
0.7040759457254128 0.07220473776677694 
0.07907954578461679 0.8107628881419341 
0.6431778241770791 0.48609153950917006 
0.13736617764912956 0.5069191772493556 
0.9853542918056492 0.6508528600309323 
0.04049827577527021 0.9911389561443815 
0.5063666240588169 0.4776916774358142 
0.1127027587979228 0.6820832828535146 
0.8276571632331178 0.3785474873649478 
0.31365429408027673 0.456397295655207 
0.9587264802543574 0.38018803098040027 
0.21471704253427665 0.9264411075370649 
0.11097233528811734 0.030159060445364705 
0.3972763504260252 0.7461142491792826 
0.8003006016362413 0.2734112510374739 
0.30489983367728773 0.020634472215844635 
0.4210405552278667 0.9753586633673651 
0.56954183324316 0.22019976685662673 
0.21755414046677146 0.7667570155543194 
0.2760760219926487 0.26765283357920694 
0.4553666679209248 0.6542504733332475 
0.39510184963543293 0.8694031631258872 
0.782616747834288 0.995684654702425 
0.6516234950644814 0.3419313825972692 
0.6759289082152744 0.9470229724521144 
0.4277462837322157 0.5107236556939615 
0.2545556181278716 0.32005346228240034 
0.25371184205484 0.8781852435458077 
0.5916563839760567 0.6856529157604627 
0.0692261858011034 0.3386430805941615 
0.5600149940181718 0.813384505412074 
0.8813782885614923 0.46153761370127744 
0.994520324115575 0.03111756952214617 
0.3386036665418481 0.5266588466017357 
0.3739992564305725 0.9850965910485903 
0.22726727675997388 0.6623168300878317 
0.37189419406519386 0.7989643792597179 
0.8952042233539492 0.6143997738581042 
0.6164201432477936 0.09680796740182207 
0.8151700411312744 0.1635669215823617 
0.9281805801701026 0.19471387644633342 
0.04197859468752585 0.8483118687217122 
0.6299481409777264 0.604073843594371 
0.15894002271966645 0.7698319238937535 
0.03683259572605302 0.6727715021253426 
0.054522330759751325 0.5550469037038136 
0.17616831283448015 0.10681098701781633 
0.9030184545458795 0.9134989029707995 
0.7024870715432339 0.7082705105848084 
0.15851425478866715 0.5980591826700141 
0.12717333102916506 0.5465134056968559 
0.27701968826463086 0.5718585545638981 
0.9428372538665533 0.011596258672196935 
0.4077826197552729 0.13636612240076063 
0.9739857088050283 0.11153705324580321 
0.40216101392182696 0.3599468727760695 
0.101401456793905 0.738718513826331 
0.6079273731364302 0.5872030700436346 
0.36519131011871275 0.9046847082424885 
0.5938749041660896 0.43751681306798706 
0.7721867860803004 0.9384776158372472 
0.2046757609157448 0.48175002237096287 
0.3609473806228457 0.4777864811275007 
0.8474755897707797 0.09124288591195134 
0.6344274940697692 0.737197852683986 
0.3461279682743873 0.04275991548269775 
0.7866544702775042 0.5212764363663819 
0.13234464232788273 0.12154797159701158 
0.02977865491747289 0.17855487110294138 
0.5896390260254998 0.35332927315932205 
0.40750015376343673 0.4879665793127883 
0.7487774451576854 0.23042280398393356 
0.09649082294460226 0.4158667104716375 
0.15621873361798794 0.3584063338710376 
0.7962481826168006 0.6305580767157374 
0.3426301179614953 0.3817318545711588 
0.9169636735175042 0.2521491135596163 
0.8933345872405695 0.040463766474823526 
0.8373317255391182 0.26853251545637585 
0.9667619637958514 0.4040151518590633 
0.5733583463220744 0.009437423274531676 
0.45876519896454426 0.33545976905261765 
0.4113238373241434 0.9578146461559903 
0.6630184589503596 0.5428835031353392 
0.8162517294513341 0.9608622568848293 
0.5315755169490287 0.8214023032149016 
0.5914749458218674 0.266773634880744 
0.6512714206672844 0.08767290131480121 
0.004226810252307978 0.15588676341121588 
0.9763059020936128 0.7640840218535215 
0.2382634675345679 0.2043250204940561 
0.7009681503440788 0.8278521963361417 
0.5301967110568447 0.33698249012816206 
0.4729863424159283 0.9130253647882747 
0.9570148163797316 0.9820331898790582 
0.5492551342345394 0.5974026355765022 
0.7097797859855636 0.2861484850700342 
0.3820487927937125 0.6640470648426484 
0.7309318520931574 0.7906811854177132 
0.3761466915616947 0.08394757929922614 
0.48194735835021 0.4702178709691228 
0.4020146996399066 0.5281269889561275 
0.06424426576132869 0.6848066882449112 
0.10333009819201511 0.8761905491913164 
0.48280770946026946 0.6047773795693648 
0.14114707928020698 0.4011590918940704 
0.39214802323437004 0.5496765232975896 
0.6704775834347076 0.48740924841317523 
0.04615244271826224 0.9379598416237703 
0.8706961748279485 0.1449899721210835 
0.02557861220758706 0.37769551794491707 
0.48901873213253677 0.22276805095961255 
0.16420887021694347 0.30033301108134913 
0.5409118957463975 0.7551136162286209 
0.5272338969685832 0.46774106726916836 
0.2003512756459126 0.39451024703185916 
0.013462591377495337 0.2510544456129179 
0.44857591965021243 0.13166919536403543 
0.9468559858772287 0.6983259328103036 
0.663811446541994 0.17235480354854943 
0.19568097917411498 0.6443989465254936 
0.7718871239390385 0.2024365406309434 
0.6238238793444849 0.04862152783118284 
0.9005275807270042 0.2980324505688017 
0.46853024810995103 0.5350756988503504 
0.7575597105334404 0.5848353344557982 
0.22491846882432848 0.26280452770354457 
0.6619766397795697 0.906792792937649 
0.9528144458083507 0.15705727251152835 
0.16969770714454907 0.25874923418615947 
0.7483974923340957 0.8645788010167352 
0.538273457518073 0.1160085786337609 
0.9911154500774534 0.006973317584109573 
0.4646178020343141 0.8577865684502194 
0.7834789660452489 0.13067019509048206 
0.4644177912246953 0.2361138365486718 
0.11085713637707861 0.0062838338589191745 
0.4322427316073149 0.9255170167084481 
0.7834353380568475 0.264186789316533 
0.9018558479488756 0.10586828012855548 
0.31439584724520353 0.11215866314464223 
0.8007714749006698 0.5659277435086252 
0.2937753692244701 0.8624971213795407 
0.9014603178512922 0.19827641162940812 
0.9831702223676374 0.32432869345632626 
0.5039995338815896 0.6710227908544233 
0.006561409039269217 0.8831408383892103 
0.7659082532885741 0.8759683649979904 
0.7701383426721166 0.82918916760174 
0.061836435409227064 0.29537099654072585 
0.8297625840071006 0.8594706202458768 
0.647387944526821 0.7946167394793133 
0.4117748364140223 0.6211479181845375 
0.30673111216869986 0.5381224069277287 
0.9993713078673394 0.8553021460206801 
0.8373303027055189 0.587302909258311 
0.7204130968174515 0.4438236448789041 
0.8416337219772413 0.4759721101201451 
0.5791839577122446 0.989540948231275 
0.5183790389450915 0.1457334055552164 
0.44038889601733155 0.41782588726338016 
0.005296655720769983 0.5031812053085682 
0.021158094187100185 0.011505968942551847 
0.6848781937310563 0.3825201554739198 
0.6912938353019797 0.4327271747472657 
0.4981426015263057 0.9867513443658664 
0.5475137533330248 0.9267005255835866 
0.1584696340420959 0.5545151733650169 
0.7497822654982744 0.022895987645189464 
0.1559927219221915 0.9766623344588219 
0.2365457604828632 0.5331626629260448 
0.20313091092737323 0.17339003240573114 
0.21902087144797006 0.4952251699438408 
0.2744770396316497 0.02036112183924843 
0.16204814622522212 0.8872964996528925 
0.8663798764280161 0.9304743438648302 
0.45530795804187296 0.11245290710204231 
0.7595083860526666 0.6814485971852547 
0.4856880862271972 0.5236033480328444 
0.30637207110983233 0.6637578273103616 
0.32954557332847056 0.6439144192438739 
0.24457533861962383 0.5026102204285348 
0.2680813924338138 0.7540975815886577 
0.2713454380336505 0.37044994788513824 
0.4242795586541781 0.1257530049277485 
0.06663760552676123 0.19628270357803657 
0.846186295610963 0.786948754710171 
0.3036637306185553 0.34775408944162217 
0.8655173934628313 0.8411805808562127 
0.2679855531617396 0.6063119985277425 
0.36012178699969055 0.38017080365179345 
0.9961478753365485 0.2885682868877013 
0.6326907697652344 0.9214941109768537 
0.47955250837238095 0.18693200140061134 
0.4521063582197189 0.5593956301138694 
0.8283757859049807 0.985876154669775 
0.44321107407958 0.5949241489609641 
0.9092535749085608 0.8752855844194987 
0.2929096131585799 0.9226355144479639 
0.2636655318625756 0.85193711591562 
0.9956415732719509 0.5790943710299322 
0.6898809673407238 0.3583315212619928 
0.5790109262124553 0.7812803154769006 
0.28494550870314694 0.8234303759685366 
0.569439560977231 0.12982429610720425 
0.10129828079121189 0.7866457386517773 
0.23267922694366894 0.4375234132228401 
0.5796513716592864 0.5658268760358252 
0.08118947976481727 0.23382424804052548 
0.33993862508581707 0.7053015098852935 
0.43487019803307475 0.7250284884385785 
0.19384846111097753 0.9138430663124796 
0.4616628755891744 0.006583067245195862 
0.33403463438418785 0.479362441630287 
0.023390325566936654 0.10149800980075557 
0.2079833563335644 0.1131312552579194 
0.415053091128363 0.3038606145725976 
0.05536415548501272 0.7758710620061446 
0.7316086367945411 0.1519580629520404 
0.8401282051102659 0.3014495418653819 
0.35087891890804845 0.3384212498197686 
0.8439437409289007 0.810678218128396 
0.17928797345950875 0.6927258906940877 
0.8817805645997838 0.8055731204426445 
0.2156664842406853 0.8062030780157486 
0.43004738961028094 0.1862371296853863 
0.23425580052233458 0.5720424637212833 
0.22539619846402703 0.36199000268434894 
0.38560372260319287 0.9411690819981998 
0.21765320730113963 0.7386913141491688 
0.1607610349511681 0.3373377025596954 
0.8743565777082238 0.028790072368781228 
0.8747475778335276 0.6769518439524905 
0.497910274067849 0.5580792421739111 
0.8345499457175839 0.6667107703567768 
0.6643120597590615 0.22268145551025204 
0.7412755468463411 0.4958209411408288 
0.5508348377552469 0.8725957671189117 
0.14112124249918595 0.6198042132068047 
0.193648605201533 0.9518875548974872 
0.6379099884210165 0.44717111165905654 
0.6256719612614297 0.9926615335062234 
0.3569310212283713 0.2894209424305057 
0.8560318029133069 0.5009380755594873 
0.632524801136531 0.491084212680654 
0.5527634261908125 0.6646669757858507 
0.05580124642325218 0.2595845748351747 
0.8240216477767448 0.6182462327918292 
0.3312193224453758 0.5812598175571269 
0.7262572314490392 0.945633366727858 
0.779403577653191 0.5347732716741419 
0.07178135475590286 0.1548630549971201 
0.6243307574149959 0.13113851303152207 
0.9692177334671586 0.1771627935235529 
0.6771579270753529 0.024409402569416483 
0.2781717634123386 0.6679993172731132 
0.9629420383378559 0.7996272631843849 
0.2795649423719391 0.3133269257279371 
0.42949089410388985 0.4641832999723431 
0.7209335919286604 0.564637244467341 
0.5554338528394508 0.030278188053103117 
0.009934207264341466 0.5734963606406126 
0.4136194782101332 0.1525324335585565 
0.5383087493145158 0.18934591393474415 
0.7217824654453731 0.11627909257581831 
0.10934148339462252 0.3707391294474085 
0.9027448001703899 0.7340429546576508 
0.608573403171788 0.4603588660926001 
0.6837640730151975 0.6623758470335688 
0.11632693853017323 0.3251170332961647 
0.984820759747368 0.4978547174964149 
0.1832325128067135 0.7953814052996626 
0.9074140887021105 0.4164704757661345 
0.9806200038751496 0.3637414964834438 
0.41893755068211 0.9106554217719933 
0.4097118651131534 0.016654922863812982 
0.6657502080944877 0.8041917093587226 
0.29338469388828814 0.18180981926201928 
0.022653883243244466 0.9800033106878203 
0.8331180108357814 0.3525133608509113 
0.13996280277705558 0.9342692728286669 
0.7356096628936706 0.9910343031649652 
0.07727207365853345 0.4599292862399585 
0.09042280793043178 0.49164547688931914 
0.8497749614758269 0.41600456190113944 
0.6016076378893633 0.08554954900464118 
0.7803365307460903 0.4007327074879232 
0.004813086552537427 0.6156700334326766 
0.06311521394784558 0.6131999327710557 
0.32456905518646084 0.0159264482182071 
0.7234444331496501 0.41161946039832936 
0.9602165572179799 0.6627292706429582 
0.5181967494631945 0.3852836436774397 
0.9208484050844544 0.8557833752305264 
0.8437285877903455 0.7006546950246582 
0.7846012864203835 0.44883163972434975 
0.324487734578985 0.7709588043312645 
0.5992649225681271 0.6360396785611109 
0.1643310877688201 0.8607022348593218 
0.7356183434539526 0.3034779964213297 
0.6959404213645812 0.5523606758438852 
0.37967580848848553 0.01960440913631889 
0.3727217012006752 0.19551080561729217 
0.7404627862225819 0.9225615531236545 
0.6212801504900598 0.30061058749465186 
0.544359576818779 0.5768277858845401 
0.9949643131610291 0.9081329424639848 
0.5586589262178271 0.7455311901486041 
0.9810370438370907 0.9707179245114474 
0.6311542642458121 0.8333274286932727 
0.10094079523144556 0.12831471628594182 
0.8423333499110965 0.002083570542313673 
0.0734517426017875 0.9428099305870586 
0.6474589261720716 0.41290895143293843 
0.3069517197237729 0.5104440486418256 
0.1493894967104707 0.1326077619079008 
0.46650638641053727 0.20601042014038218 
0.36841465885184993 0.1585899847610558 
0.8609189684490512 0.10615311700002916 
0.49602307183422517 0.432992059749829 
0.6965756489150875 0.7416113361031023 
0.8379318611660369 0.1583168888093468 
0.5103323190546885 0.918855773045876 
0.8634205592022404 0.44672587966395205 
0.1685422736519186 0.17214789196818192 
0.9743890830499431 0.7098571266112875 
0.8659835688340464 0.21318126690049216 
0.8878105689019784 0.6563572960214961 
0.4816587348627497 0.1342370530045629 
0.05227913590402611 0.35708519323089294 
0.5182314271374028 0.6973280156336225 
0.38590917214856707 0.10323801760988327 
0.32047071618822004 0.8979191895704676 
0.897545575735159 0.33419323668034173 
0.828518363123457 0.5445870487707927 
0.23063410380196325 0.4733990244452435 
0.46160711051241626 0.1681646733632537 
0.7324594246167374 0.6626041924826761 
0.8088091414214438 0.3343153907905787 
0.9721846710222165 0.6027636668967399 
0.15582309679887346 0.9128146240500818 
0.657242438292623 0.6057850155003704 
0.2597415169302698 0.9563887553187584 
0.3297610292489046 0.26838372124953513 
0.6332108024395622 0.9487277441395053 
0.7544317834409584 0.33763539317484503 
0.6519187972738671 0.16016341532321837 
0.9766835170853467 0.2913361064839862 
0.9257416124246467 0.704731508345936 
0.658817433125829 0.04475343470444748 
0.7526062737746757 0.13275925267647426 
0.5141149255112397 0.9499090136752448 
0.18482981580082253 0.721997827526949 
0.8445199181944646 0.050990397682837196 
0.2747683587740718 0.9875279505581729 
0.7909711112079587 0.6875044046115686 
0.48987802893446286 0.6338223776728887 
0.46286418308814414 0.8219367838962854 
0.6542828221974011 0.0646429758641549 
0.3408637916172837 0.993807470536458 
0.44104119111259765 0.022047269519148427 
0.06954870212575487 0.5079691564411122 
0.2702447111373393 0.5155822984907811 
0.7083800806651539 0.8987457677391484 
0.9260911036856205 0.46125693962698405 
0.004192693590842622 0.7067650820264866 
0.24410658855473316 0.13636287825114785 
0.5578199184664709 0.2877858137795555 
0.12160906209996891 0.25686449747574536 
0.5275017868227974 0.200929247726364 
0.0312766208043907 0.7838048039845869 
0.2716191359133849 0.09114708249628078 
0.5781149855579408 0.18564870667079753 
0.7707213224129248 0.49734230233199617 
0.3577735398051076 0.4246381564418953 
0.9300630882601835 0.04988566118743398 
0.9324580790834763 0.6536495827990553 
0.6274401215681334 0.1986177126907271 
0.4962341066769107 0.7695465616844548 
0.15827785568790464 0.9522801036513766 
0.7201203369087215 0.5422544347610039 
0.18505839290527965 0.35552214321638564 
0.8749731402115088 0.26711009939287267 
0.9239811277333464 0.27224808421836405 
0.7216256419693469 0.3258350338479167 
0.5998373275520935 0.8697257660830581 
0.5711841476873483 0.8508238389446032 
0.1435372102017093 0.07441902416302548 
0.6475312153232793 0.29897564716981184 
0.07201391033780913 0.12669310434515668 
0.3841449769089398 0.4123064614295651 
0.5006940122691388 0.8403571365755541 
0.12754840242532295 0.21925066664290443 
0.47535725161976344 0.2595210963417591 
0.6940876662443624 0.05473879657826092 
0.569284882809641 0.9635153715995282 
0.16118764016188314 0.21104811286368647 
0.5036002741787662 0.8687387511852709 
0.13842583087416893 0.5798521208962059 
0.5138377499940457 0.6483737411085182 
0.4423127862390317 0.30956157533918016 
0.2596679123691824 0.6387305499741359 
0.6923630314964531 0.8964154837350499 
0.6481800976922536 0.3799999339291804 
0.04350053294267986 0.05805050838062842 
0.7245887871601863 0.8532001381564029 
0.8318886459407161 0.7730849244302669 
0.5933715600291231 0.9165050605676817 
0.28105938669270536 0.5463800707211425 
0.9704989869724836 0.9414523910914849 
0.4874497904344258 0.05941759703134997 
0.6568498498722098 0.4665330780154259 
0.5543153015282648 0.3408429738636185 
0.8960424031279943 0.9661065789015655 
0.972627952437979 0.13631770022722273 
0.960101352294903 0.7728686087929627 
0.35800766831348707 0.2403437809546703 
0.32256434615648555 0.6828368514112622 
0.523513391422568 0.539582824221244 
0.7926554517946471 0.7455851460535012 
0.49592066029668874 0.3297520122713103 
0.11794995811090309 0.7542395601189682 
0.29875132235770363 0.40610967022518796 
0.07131509006429948 0.6356624562978421 
0.8837108675794038 0.35241544533322067 
0.15162984046427608 0.8400436242911805 
0.9348512641670772 0.3213628929513598 
0.7836499568934607 0.014390949993479007 
0.9190656123576719 0.5448153735794583 
0.7570093966221845 0.2529148669540575 
0.4914873305880332 0.7317586733804056 
0.22683552206417368 0.16489319839310168 
0.3711748697771634 0.7333162628690618 
0.04371957900962997 0.006680522099157593 
0.9673716667440999 0.5138750885296204 
0.25985204826206576 0.3940147273753072 
0.22267379236593488 0.8701086065345928 
0.8986595448241432 0.011170517741103836 
0.11618235989379705 0.9536293131183796 
0.4768046346657738 0.02955750714808636 
0.1918537674153088 0.6671468087102489 
0.8137136677885175 0.21871842504049005 
0.052359927153646346 0.4817847804136203 
0.19177963760789424 0.026304038134661423 
0.5249307042606444 0.9343097440341016 
0.909881667503867 0.37284491368567985 
0.5142734148988263 0.07190633931989443 
0.20817401447883338 0.5372675112034335 
0.12125212817621867 0.4190017387666175 
0.46079467384181755 0.95899346042678 
0.33881023205760735 0.9500534437263142 
0.9120485044745997 0.6222022030872284 
0.9954760135882155 0.3886394189955449 
0.24499628597579737 0.8109263539160714 
0.8171002877523953 0.6916827709063033 
0.8944244862160928 0.8945263640282335 
0.940024212875789 0.9124601081903618 
0.023541165413689336 0.3663631540621439 
0.7161694580898859 0.6496837425226285 
0.46012392473149133 0.4510982406176201 
0.6291297777163273 0.703522200636331 
0.4639498942867485 0.3834513620213723 
0.23793173561265002 0.9453824305853592 
0.14223336341340864 0.8143199106488213 
0.9224317210698592 0.9949866098985994 
0.7338505410218831 0.9668248051359694 
0.3718114238226357 0.8686414244045848 
0.9335248160297334 0.16434772078813586 
0.007004486576405733 0.85921987975467 
0.2988507201616992 0.271645101713586 
0.752013449884745 0.0842903739498323 
0.360773307960165 0.5395761382225099 
0.5703636867140842 0.6959327183515724 
0.25934088604769556 0.06403901056980121 
0.4603912823041784 0.9226861620557991 
0.9325585113581194 0.2947901829529883 
0.648447372100379 0.9935022273279035 
0.935614556972628 0.48721274539026527 
0.42000447949030983 0.648900834280686 
0.5873706118995383 0.8161547528506807 
0.20882872366050798 0.7888770808075946 
0.605545179993947 0.05907441008577685 
0.7566610327339804 0.308702217022062 
0.12283007185433686 0.6970050974336627 
0.34064784007702453 0.0758059378428454 
0.8138051905695348 0.7561108008025507 
0.854837985704299 0.3530705992449054 
0.9590559311344229 0.20010597230616095 
0.5564878109808253 0.9098999621830939 
0.7920273312835939 0.4261764803752488 
0.0902423340557002 0.8964387956241446 
0.6570853899080943 0.6547309754773172 
0.8918077837851914 0.5493216784043368 
0.14080435358735077 0.02620059294423782 
0.33336295944890415 0.45811819299046375 
0.027762267864620882 0.2986128289352784 
0.1411102788498677 0.27916539481056685 
0.8423383389052321 0.6386005802939569 
0.25199140817370325 0.4458767545433554 
0.3788364210569628 0.238091746218682 
0.3651203945774522 0.6626620147695652 
0.39378591177005856 0.0775629776699518 
0.1675847119363275 0.6277714118481612 
0.2044639176217647 0.06897177005108901 
0.0418968135099842 0.19244974736044873 
0.03515006405195803 0.6052401714784297 
0.07481621121894699 0.9765226734527319 
0.4777781528915646 0.8099995464757089 
0.5256546367012961 0.0965105222158088 
0.4590723786905451 0.0729853313649092 
0.07408273735315285 0.028242765157261096 
0.08894025968316582 0.6064288908382192 
0.46492511185818897 0.7458190371029934 
0.7655174794073403 0.035907714683031 
0.7574245459331544 0.47554806144564654 
0.8846574797440904 0.5628289499833099 
0.3838881334661868 0.4807021730004953 
0.37069116426270554 0.10551848953304988 
0.740275190330558 0.6244825799514451 
0.299895153938212 0.8897522874563908 
0.7921208262794208 0.6439550598272348 
0.5435908897701133 0.3942747617205622 
0.40058968733050204 0.6793470051357212 
0.9117684079131856 0.5783711994675497 
0.06997195344937812 0.7305144782482136 
0.8110501289278027 0.06734102258180275 
0.7367668653952955 0.03228008795565124 
0.24409921442325783 0.8287765591332339 
0.939342628547882 0.6788870006798837 
0.4128861856892759 0.46017209051777114 
0.22186445301076496 0.8483010721585438 
0.9261582906188331 0.42563826519124986 
0.9423948493985115 0.8303232090407658 
0.783337168007721 0.5761179149942279 
0.8453094548409302 0.39360838636189327 
0.6317323047564687 0.680737398392807 
0.7335599556667661 0.4596831549156132 
0.15742962840608438 0.5065196513453811 
0.757979279386103 0.5381103221213193 
0.8604146223886477 0.8667991596685924 
0.09820903579564605 0.16452281082740172 
0.43244659604858804 0.4280792959575138 
0.6636261802739111 0.9636458325969683 
0.6560526793465004 0.8872262831776315 
0.6357056933021452 0.8793604833858817 
0.6706752414904669 0.21089489912668075 
0.20722326151752002 0.3716778913522557 
0.7766958457311386 0.906155269026345 
0.2170259149265411 0.4196357667491291 
0.7038097303651236 0.035392154651775365 
0.1981219322650578 0.7035689449698809 
0.5681723674248307 0.6739201322922728 
0.33198391627402457 0.7445728419214425 
0.18740026493014728 0.184757388385275 
0.3737994050363532 0.8348922731436741 
0.7833210711680368 0.7189489629572156 
0.11045004444534756 0.49656639143812753 
0.8428933828184484 0.4473206422531355 
0.7378328051783545 0.527048335708404 
0.776635831099741 0.3751047978324122 
0.4931639287782119 0.09655326267651265 
0.2770822954772403 0.2117417445368438 
0.6753035411517563 0.13897699051635432 
0.10852167995010942 0.9219189827948663 
0.8259919355671679 0.00960174413155479 
0.371060289855371 0.30073044220686984 
0.6112558583926498 0.2462087627637411 
0.41023615924264645 0.5676535818103927 
0.9428495992327444 0.11164290207471556 
0.43313866813105323 0.10465406907114377 
0.22594088227681453 0.7140720922767589 
0.8414259919969261 0.25624091211166977 
0.9364127177695644 0.025084698504827363 
0.29171214058771244 0.048085547855487354 
0.1830449394856562 0.5438427070866431 
0.5151994165018455 0.2450011068868132 
0.015437390839298182 0.1619231442497605 
0.6959275651585695 0.6057025527798914 
0.13738582040731856 0.6835634727437363 
0.10506690534551688 0.5374659900015768 
0.9521132971471845 0.05888684924809945 
0.8099970049948393 0.2896803034208992 
0.3164787723461254 0.43171747327681964 
0.03825939013753499 0.22803811374117627 
0.879816691191114 0.2930551319654703 
0.9801317080879686 0.2316187560837769 
0.003419842555771435 0.8087046080156287 
0.30069627298995627 0.7450221380286811 
0.4300363349161222 0.6833777857240446 
0.28675292781689055 0.7318090617162447 
0.4512451989857324 0.5135528624139646 
0.1805280335246381 0.2458327606824156 
0.20942185979859496 0.8273769099037327 
0.1132666259734828 0.18203287709361998 
0.8117304359688282 0.8784252817478269 
0.2911492571993409 0.8076945067566923 
0.024296562616362427 0.931715475000913 
0.31095290209342374 0.055484342437343015 
0.1462058995948926 0.7773051740429822 
0.7238519856149858 0.2620021226056508 
0.3655598897681016 0.5765997622149068 
0.2808061305370374 0.8893317094555457 
0.7088238788652284 0.7930874873969745 
0.003882199311355028 0.07701319262128892 
0.9445768915974324 0.3933101169877331 
0.6914302634627518 0.23710411787378577 
0.5066727659493871 0.4134909218664231 
0.08016295798617357 0.35682069838456365 
0.9254108001198222 0.8924176470965546 
0.7135899901357226 0.09314088980757218 
0.14243358932452926 0.16398317893176512 
0.6340164991005697 0.023079778662358996 
0.3275614555211034 0.5523281829706458 
0.9146280587304576 0.2064550557617864 
0.8163269878306986 0.9252641979331535 
0.29558020520605627 0.5720332413644924 
0.9203927426071448 0.8008981491260028 
0.735113495768329 0.12519609460204018 
0.8612360716547208 0.7301521703247968 
0.23580075062758654 0.38950641358698246 
0.11750120877448 0.8626106153739524 
0.29273353156828447 0.12818866115830696 
0.029512617802437746 0.45814342716501005 
0.7665525641025366 0.6510785879552842 
0.24027573708905248 0.90463011801272 
0.2701255945083566 0.4219004644816624 
0.3561820132971325 0.1791478084992429 
0.7540118258103866 0.5621921735481079 
0.16395274518223307 0.3201484496116833 
0.455606433118577 0.7824704029824434 
0.29235233459137605 0.9626802617356434 
0.3528394523910834 0.768645589954869 
0.6116555818489781 0.7821306574429415 
0.4419441919549697 0.5310168688306321 
0.5239831154908998 0.8078546847934223 
0.9752720157975455 0.45281825114095364 
0.7764646115941621 0.7835594588054587 
0.23144646552812842 0.6245274511126307 
0.7103502338449561 0.4901933387032534 
0.9904681384962394 0.8249540909052491 
0.18871368557265938 0.7452603908032759 
0.21833625518999078 0.2307647469345972 
0.8190820728034238 0.5262132271913631 
0.0743266156834913 0.09274548307668362 
0.9575722594317557 0.4441692927942754 
0.15371417127225806 0.11719379856531859 
0.24649874969091384 0.556107382362817 
0.4030758361103345 0.8532889928433361 
0.024904241075580813 0.3363149512353999 
0.4133770550843764 0.7087531053058391 
0.3901877909077356 0.6301653628011461 
0.07443836426280082 0.5775219518605212 
0.005933688182888086 0.9120938178578012 
0.017956463311888937 0.6541171551869536 
0.7524955527589496 0.1867949514183742 
0.8500162605652578 0.3264431591384714 
0.24269991939321806 0.9937480440517086 
0.6306713520262615 0.10666703068715189 
0.8838013656300439 0.07851988871073223 
0.3231268148789487 0.9880333541592263 
0.6797118018259822 0.33668043291564487 
0.16986040506070865 0.8099955795366921 
0.05346910504896324 0.5215015388056502 
0.3249289391145025 0.5205162375763144 
0.2110956763471965 0.8952479815514542 
0.7674037286032727 0.016783107029674504 
0.8272660277504678 0.11470451963634631 
0.4859039388348733 0.3005076921946195 
0.3213896526798353 0.35576604930441247 
0.6258451319300524 0.18540163496615014 
0.9923030101973733 0.1486817855585595 
0.039214479385777046 0.7031128034213957 
0.7793316745286568 0.8907207199250468 
0.29878359591466996 0.6883147158564465 
0.6588003241684305 0.710984754289748 
0.8546583175836657 0.23005904045350595 
0.9403116228225523 0.8490265129460011 
0.34403016128135666 0.31068774941286253 
0.46367676454387124 0.48299241515044494 
0.6430621074331837 0.5407621541572964 
0.2585001614709602 0.5717391948326155 
0.13615138466065946 0.7355270005560098 
0.2437689456543578 0.7427077721526479 
0.13092645661096497 0.9083847916735942 
0.1964236847009166 0.5153402245683962 
0.9127869321631217 0.5084847736740123 
0.26253999086538227 0.23199601935602543 
0.656035292779963 0.9360975166508045 
0.7545983690561184 0.9924382553632092 
0.22001555221623365 0.28747788437533894 
0.23045514050786986 0.777892522729321 
0.6961607089938393 0.30700222601370675 
0.7417431849387602 0.596213013746933 
0.48331140540649137 0.8675201172726161 
0.2727353538449424 0.6473549938656393 
0.9149684703192236 0.6642247403072045 
0.5831734615696926 0.20128083349512682 
0.3850987561705812 0.7900753321294092 
0.05357348895045716 0.8179913176132043 
0.5949559206640895 0.29899553300275 
0.6955778061125968 0.19139064102860237 
0.22145728783298274 0.1864264268886815 
0.6432113026591606 0.3298781478442331 
0.466466847645097 0.6172019686303818 
0.08051367555334221 0.5280904668049037 
0.5477992349580655 0.8839464904027441 
0.9582609892829876 0.8287958372548865 
0.2025498127168771 0.0035020217418022526 
0.8371933840459723 0.9345389903464789 
0.5047225045174857 0.5228672052141342 
0.4798479817262683 0.1644413950375977 
0.6411705293837822 0.5845881876398961 
0.5831669510014648 0.7356845543897905 
0.9302084926247322 0.07668144441235286 
0.5613250971900043 0.06040222936630413 
0.5772645009549959 0.3715511502450757 
0.07198191436056961 0.3681641567361208 
0.10004053662315948 0.5742290329729458 
0.5599788150644268 0.464420700884473 
0.9957073587934961 0.7000409720480499 
0.42626222123434615 0.05512187882051889 
0.3901199290315053 0.1542644062153632 
0.9501612723021914 0.7538934645650079 
0.7149222083320894 0.1429007470103409 
0.09732524820436572 0.6750813402782699 
0.5063695465998197 0.12582212405100468 
0.03451209679894274 0.2764673828218376 
0.8131234196083521 0.47351921387846607 
0.053876684662140684 0.5946755699251608 
0.14121278292021833 0.5371644300235734 
0.15451918041655743 0.24263781875422485 
0.3795432518922815 0.6951388487613497 
0.7974904585018807 0.15552054789057107 
0.14402317546636106 0.7148496457246261 
0.7129394865282024 0.6829424541039754 
0.6594367797626857 0.1903045399653197 
0.8636653430937069 0.5800146357865765 
0.48646366268547053 0.5665506820844768 
0.4034245900933553 0.43577277088243743 
0.8897066305388708 0.05667122093136556 
0.5000384788664505 0.015434762809997449 
0.02021547969386822 0.411055430118969 
0.6546554207997433 0.7391943383535328 
0.3956229074795573 0.6028015134208208 
0.4018929204943588 0.9000133110854474 
0.6223992593281134 0.5011712394378429 
0.6938762888330029 0.8545996112774161 
0.8052939081581625 0.7764145717379163 
0.21045756664239734 0.9424613053585281 
0.5470680059967545 0.09324147880986777 
0.8870760999830469 0.2550557445051426 
0.7991646907446207 0.35280934102785616 
0.36972555825292375 0.9407022669888405 
0.790083794658454 0.9608174392571776 
0.9040397922553018 0.6998458508940989 
0.7911713685228592 0.20223148003859054 
0.6380155998193477 0.43201481212761894 
0.053065028093358224 0.23993329319038004 
0.002402972581240226 0.11618614448947895 
0.6834371861135884 0.8154369425846502 
0.5142542385093927 0.19866239851473944 
0.12920888786987084 0.4650349354670637 
0.04381729779832366 0.8615074922807341 
0.36231498607083934 0.03872979151037825 
0.499301539588745 0.17929346696532023 
0.5475897125702406 0.821044366397357 
0.440303429716909 0.3507396085847436 
0.8326841217771104 0.20112798171726426 
0.9523036423960657 0.6167250459969227 
0.20322435547644063 0.8680568095397997 
0.7486187104217963 0.6911173144519882 
0.30928750615740563 0.0933681834247464 
0.566498466899122 0.630771906352638 
0.39677854417143915 0.3821492298347611 
0.40739951864249596 0.8025150248443633 
0.09868014128194275 0.05056024745381643 
0.49556657402995846 0.6887335825125 
0.28048879037679664 0.34835279590544665 
0.6655685444631367 0.1054028481079975 
0.6588425609975328 0.13693577375317578 
0.8546705672076376 0.19120695284133415 
0.6463563923558546 0.6728473530944619 
0.009970630567114447 0.44296470704159285 
0.5624576814017878 0.4474467482729733 
0.9599917765328313 0.24336207244185992 
0.9274249370886469 0.6911480825985992 
0.9413092185959315 0.5447718712147329 
0.3004040704069171 0.7786824676378792 
0.0982352034070379 0.36089995712853984 
0.45445768910531475 0.3689176638314077 
0.3305028099288553 0.5011412932981762 
0.3303302545476416 0.8321553279752284 
0.3185204490608331 0.6198527914902665 
0.3283483326402969 0.2415617601327643 
0.003919413907567337 0.03892778576601602 
0.06088943272958669 0.756897557184651 
0.12164319277189933 0.01886820440373932 
0.9859961303480468 0.8637239408341044 
0.8561956327272526 0.5345286847407276 
0.9694069169095159 0.5247926503162516 
0.04035341223979938 0.4460202678959645 
0.598340686431286 0.9428221489058458 
0.7150988653562353 0.7187076590617013 
0.26730681458759586 0.16278725196161486 
0.1337566911727474 0.42607100555144184 
0.23517289970473643 0.6444621564412822 
0.41983379309008617 0.8922470312327886 
0.11108439996920938 0.26902317363807526 
0.3995250957192134 0.2454027947925393 
0.847847308477237 0.8989836772046389 
0.5556386976099189 0.25879166859542374 
0.5739242262059542 0.8686242993307914 
0.5019142141709141 0.9604289199792347 
0.34866790222519844 0.8347890764663577 
0.5932471315497932 0.22124780894247748 
0.7450005220602094 0.8840249901906365 
0.8073829908133923 0.7291587178424912 
0.699755455047614 0.7677662863124368 
0.9088065721703321 0.5967908778211253 
0.6415043866826852 0.9761855248207418 
0.9467545054613636 0.33685606750575803 
0.03103618206407388 0.16690653177112125 
0.45465076504523305 0.2487761377755312 
0.14037310872752717 0.639524474265605 
0.5196801515289644 0.2876629467543982 
0.24251490067527942 0.2219059316573061 
0.732782037495305 0.7680282847383424 
0.8195226103977666 0.2624971615255597 
0.11914524125723436 0.05258114477906162 
0.3365993743171708 0.43664297734570945 
0.7115165384168332 0.2382411010881067 
0.8981494498829736 0.5282212890387395 
0.0474010606675207 0.11358240430539579 
0.0917728950472334 0.1048393096811745 
0.9663638565683488 0.9067992225250436 
0.051063662261605636 0.6611535681796594 
0.41781905442165407 0.02724517726498843 
0.030047702628828277 0.47918818213983444 
0.004624029906052984 0.9919428351170347 
0.7695905752719088 0.3281521430988742 
0.9144380590427814 0.14210883149923303 
0.7608836512152588 0.1680700656363136 
0.6284205229555531 0.8066819824970013 
0.8268223803527486 0.3376503180527537 
0.5725865427513457 0.526132098906515 
0.9108581629118463 0.05239996206252573 
0.8683239227191655 0.7624378016552178 
0.3718955648487414 0.44216719976608343 
0.3699499449621026 0.40353357173342097 
0.7062548526412861 0.16807798767347581 
0.35193935858139463 0.8598923351461554 
0.7023352679951378 0.33813941789521385 
0.24864055968889087 0.5900460519560023 
0.7119848185926244 0.9366431010769637 
0.21663961843979662 0.4491849836795698 
0.608198398475462 0.6810842710829574 
0.6658974599609917 0.7808451265603811 
0.5207288959592575 0.3247985865126052 
0.01229938635197625 0.7377017073812642 
0.4300473861153531 0.22857713528097573 
0.9287004020520203 0.3470266981194504 
0.28263255417076016 0.08488233113908328 
0.25443179758214374 0.25463191824855036 
0.17145425328161779 0.9798143185107052 
0.6735443704524225 0.7350190395385637 
0.5324953449176303 0.6970140720814938 
0.6091992868819746 0.5425064498076404 
0.8141635951755446 0.3085295404847589 
0.6111051139281507 0.3994867912941913 
0.23438324629838914 0.6841191238862658 
0.08484860152124107 0.9509947359309632 
0.4690621145417915 0.9793577167922167 
0.9715364776929757 0.47471147290478954 
0.20562533422573737 0.7504126947529808 
0.3856659693155602 0.9710389237760804 
0.588356122795305 0.42286870998178583 
0.17901598388726098 0.43447613198213636 
0.20841781668467185 0.6157857268623305 
0.6785157020004582 0.41049936093164074 
0.2746334437480775 0.9272091456019321 
0.09434383909792893 0.03043068872870236 
0.21469893166179715 0.9915054446523011 
0.3614580347331048 0.8901697931980234 
0.4428977499873326 0.15621900608156464 
0.7279653654361681 0.01218384952555912 
0.472348165738556 0.645502587037805 
0.22158299368506496 0.5482215991586077 
0.9345192977669393 0.9500505095646958 
0.5256653620393008 0.3697691257598674 
0.14689505535797037 0.9847607891599791 
0.07527508498195351 0.9118204822748261 
0.7786071784273383 0.6275179417209936 
0.6810952055247128 0.9313343295316865 
0.468862930192433 0.09690927018480516 
0.7621313409091879 0.29637662737775233 
0.20238597189084412 0.21474665270014975 
0.8849615330063743 0.8353338632105729 
0.8676891477101104 0.9525630832628533 
0.7869639007192175 0.07257138034730881 
0.6689144467075018 0.8473534229228725 
0.3885596263599922 0.003960015069293443 
0.9942294038995704 0.08701240783013992 
0.031763546651903285 0.5195066715541886 
0.3023263521415824 0.8409559232491939 
0.6153991411981984 0.022211528050981533 
0.7788085443684405 0.10090158249654496 
0.6782237512430778 0.18602552343312379 
0.12716186498430687 0.7730970873520924 
0.5323608536323196 0.15422797513435832 
0.0006828081682757059 0.23285459923858803 
0.4096431433125554 0.9329265937943166 
0.14938792166718518 0.45093199812996865 
0.3112106891284393 0.8193649291089559 
0.8035499414379307 0.24152846980455278 
0.07371054909856878 0.8372013198719095 
0.40759023160982305 0.04972189652459291 
0.962369311422967 0.02208011262802867 
0.26216469318408725 0.7822887459927712 
0.48700160735967574 0.7536685885398859 
0.38202088650163474 0.3630987402584738 
0.5753082219426272 0.953036681400955 
0.09460376903406248 0.14081317180005049 
0.6499937204674489 0.91403732777142 
0.7403923212254125 0.40164392316203545 
0.0044478021415576 0.36677330637610384 
0.6691709854246453 0.581829258790927 
0.6648525047110521 0.08021894200630919 
0.21319028427428133 0.05555589621358492 
0.8587638758150755 0.8178264164904012 
0.12837818703717874 0.30342835291210135 
0.6586883336679137 0.23673274733423844 
0.31975284654443786 0.20482067022645634 
0.6978306728450951 0.25932831193793676 
0.4571872663359379 0.7122296774015273 
0.9835429016770576 0.1876568277452837 
0.914141285005844 0.010269896117073962 
0.3126043567694724 0.28813294759419655 
0.15450237745129725 0.375415543229809 
0.8224745947742917 0.5070769236939253 
0.5413466079604005 0.6126871399254603 
0.26263700381036753 0.030668507355139263 
0.6197145339814957 0.8686145003117594 
0.8329772134913094 0.7406969429368836 
0.21463514413259377 0.09561409330301662 
0.45021600636815634 0.2768535111374806 
0.7552664692953404 0.8441674852903689 
0.6872605214308374 0.4875624192850345 
0.5603562270744115 0.14050895045951484 
0.47766155276061395 0.9954307702107963 
0.40905100484356927 0.17700600781556614 
0.6104843899886159 0.361415282056745 
0.11999238616820318 0.10562786277466019 
0.6213806902351856 0.23526926770524464 
0.32814228740297835 0.9108273748816363 
0.9469388334270665 0.2793089640018296 
0.6004191377233172 0.2790972881102668 
0.19550041530651086 0.28452317962453644 
0.6200905498202635 0.923222475153229 
0.43516435845335727 0.6074835766641198 
0.44338727539412826 0.4675948205014213 
0.7217016155705779 0.5846324653311954 
0.5673096071049618 0.3157867589867903 
0.14396446398689833 0.26143721393173613 
0.3331867392630502 0.6715491218138122 
0.9721144140705955 0.2838278885890134 
0.6414403730213728 0.7633516216836504 
0.7418085865475369 0.21821672366372413 
0.25074021046330114 0.6687262786966552 
0.5979389921417928 0.1613339524901931 
0.6196169268714801 0.15615581589358868 
0.994823368208988 0.5070237554885894 
0.28954324224020545 0.10524600589338551 
0.7673990592593453 0.2661191106180141 
0.29089860005410223 0.07344382231967017 
0.7174189154848003 0.701337989884456 
0.1720677688827848 0.9141636936344743 
0.035426251583209833 0.7653727476637612 
0.5646753099232336 0.3615618565785784 
0.048955955367051385 0.6426917989765413 
0.32823513034036805 0.9328275560316517 
0.3654296873531653 0.2651209589584661 
0.6994043916101428 0.11382720030176174 
0.8518477412391474 0.06210385675355812 
0.9415739934948412 0.4533375685649969 
0.7310235176404379 0.08302887269594711 
0.1638140393087304 0.6832069064268421 
0.23324294100910037 0.007328136067463131 
0.7141585568681403 0.20702529017910581 
0.5161849722353002 0.4928307162671214 
0.5704683022682732 0.7172856857011516 
0.38657294875726744 0.5698455813538147 
0.4513136564628514 0.8868403845105682 
0.14617169003675068 0.891922497078302 
0.4417945208564247 0.6471458533011938 
0.038373199179812245 0.7435388827239484 
0.6318726204424775 0.6504613631971375 
0.2952537574857326 0.9405988474264672 
0.12998947450339282 0.1441729035685284 
0.19258975597090366 0.3314775720675151 
0.05382192126104651 0.7097640089697879 
0.34659757180807116 0.6515291309926672 
0.9884549505323252 0.988368865699725 
0.0623726875454883 0.43819182324197503 
0.5573435283899726 0.49466638000225766 
0.2951648540095323 0.36136154141848736 
0.8959898620333993 0.6783810317754676 
0.5719416350866499 0.8179876650391018 
0.7453342500228268 0.05291410519241552 
0.9849500950849897 0.2517908419286576 
0.40490622564119066 0.5115430926985914 
0.9485898319749458 0.7335364952473533 
0.18816912317786416 0.5598953101209545 
0.6759574841532809 0.6072055525812478 
0.5732039847146511 0.34071904093128846 
0.72110604895262 0.3734211658845812 
0.796101995269578 0.7988533380575178 
0.06390067691640838 0.9942494744855587 
0.5805907404456371 0.4056053775965595 
0.8472732779859522 0.9221190855569973 
0.17477175902950814 0.48456516985036907 
0.5693307685954357 0.24264180004036962 
0.17033445589136453 0.1505283548175249 
0.9381951856175111 0.7120140741274743 
0.5524091912126968 0.175280176539081 
0.5882592818662942 0.8973329385134211 
0.08475866485809908 0.6431162764365634 
0.5062645013057492 0.05266044954508087 
0.08180381700622286 0.24989411492129643 
0.9174351873244624 0.38979440468576554 
0.9710710314951303 0.6901210753330544 
0.9693443634451456 0.58161136246292 
0.38310489297052697 0.5028585103944729 
0.12429803313926746 0.5253191575526559 
0.6133555224713396 0.5165199760306216 
0.4749901644279021 0.11865934728815974 
0.8901190355095137 0.7202131128240776 
0.1846161147163934 0.095859078288559 
0.5194577429233492 0.45714445548572996 
0.32472911105065305 0.7008191516049083 
0.37166350978188867 0.6140599374978818 
0.30631858468338546 0.9759383175734901 
0.6618035952068548 0.6352754109855095 
0.0922918773639193 0.5595787134748039 
0.4408832797715275 0.8738225437507949 
0.5947776293172103 0.7698279430832482 
0.3395379619777324 0.12970452400660415 
0.9678448145154576 0.32262334667466586 
0.40483906147726756 0.32680667043082656 
0.2147011179174858 0.34907576300456256 
0.7628247612208348 0.40821765703085927 
0.020081241042964437 0.32042056405772235 
0.6148306324079902 0.7966002048146631 
0.09926913329317744 0.28685100884911713 
0.28657718981663866 0.6069276106986604 
0.2327174270012513 0.034055311838794955 
0.6470874540457743 0.8349821341356559 
0.7648483395348173 0.35601985356608357 
0.2574386786001659 0.47590339718381003 
0.3833136843766866 0.32113737624530525 
0.3506115019688687 0.026177212397399674 
0.8707522136430228 0.9058053632284693 
0.29260806825871666 0.22665985203881234 
0.9968179534665835 0.6669559237235352 
0.6074818755555828 0.7065757495416931 
0.479339741258955 0.41972033540821274 
0.9904497741604404 0.3525189658261873 
0.06175052239475526 0.044159096659805996 
0.2116568890398819 0.1371298629340702 
0.9891957639960862 0.8817411027646453 
0.8098593566535274 0.8359478064218264 
0.5668790861095693 0.5908356973972575 
0.17023818665078871 0.12658806013850032 
0.27357247506877835 0.7282289364385661 
0.2302432795663894 0.37300516853032667 
0.6159218590700839 0.42457846434179203 
0.1000323358048465 0.9703910479364852 
0.0583145861592681 0.8890450237255595 
0.006564517529403124 0.5219357740457927 
0.8939727145850505 0.7610493704744797 
0.44094032954462997 0.8437149155203316 
0.3344775757855924 0.10555729043937456 
0.5821159967860443 0.49198752977342086 
0.48697135532865254 0.9317893521576512 
0.7104858580101203 0.466906172881126 
0.6358556086205529 0.4133055268726902 
0.9253831088345538 0.8244792374085211 
0.0622439107613495 0.4549643799434519 
0.5573060122994824 0.9938856727143234 
0.24719532043953552 0.353046158566032 
0.6059685631815198 0.3075706398260373 
0.15399186303674012 0.4050083336561616 
0.007212209227477673 0.8390203754457075 
0.173802834674959 0.7676299638795256 
0.8597141464489735 0.026724194796692413 
0.015098787099854571 0.48624999804827257 
0.39075386908955556 0.6511361555429734 
0.5017213229825929 0.8120782526753443 
0.8839936657689333 0.945162378613133 
0.18732803267448228 0.5824974507171562 
0.9444433367654042 0.9954790859884892 
0.26958738310809144 0.5349749781434051 
0.0715070251105735 0.275190891658547 
0.14081499737211495 0.05921565507168375 
0.8524030205530996 0.15386998736479524 
0.9022159972787192 0.46845278219759967 
0.5329339821086474 0.3163956918036971 
0.9913214470629736 0.17351701955274534 
0.7393107030557577 0.7165867448418195 
0.3772941968539685 0.9137290207167357 
0.32039449567923806 0.33576513614066417 
0.06470038644345821 0.3060353695703704 
0.8887315955696962 0.7887171611412815 
0.4191752912229748 0.8251526352776688 
0.2664819325968155 0.6933753031097826 
0.6822697702552379 0.9793316781001695 
0.7933482312487561 0.66558155980961 
0.5574188884921385 0.4314267631108381 
0.7921989008601121 0.4688398557657912 
0.8156028682623695 0.5657906426980739 
0.2137696726955628 0.15779120938828683 
0.08664592993450376 0.21304029400506597 
0.9690299793344358 0.7861933656056225 
0.961397979039815 0.5449225110662911 
0.8345763264715419 0.8192719559642998 
0.7886957957195675 0.33037973704295015 
0.7870529488061813 0.875741631757542 
0.5027160880991993 0.16571953078271046 
0.38021052537428945 0.33970636369171964 
0.6783716040187524 0.9041304966756754 
0.02229185267916184 0.20008788316785098 
0.6206373074355935 0.9419783029454345 
0.7551174276786319 0.4416390242322603 
0.10214399584991646 0.1872510134053838 
0.694103324347811 0.40575751292831375 
0.9621147494534916 0.8169375394225225 
0.6152785606434452 0.832887716913576 
0.42594847405203295 0.24781201133852498 
0.48078175090947073 0.8482990847810137 
0.1931198597359906 0.05457240955178638 
0.2491458185640908 0.04266519862578194 
0.6776529217339264 0.27906476078528786 
0.7169969411286481 0.7358463946122991 
0.45238480976747175 0.9019588848388472 
0.8903872568001012 0.19353686306246742 
0.5332555651748665 0.7357066380544556 
0.4147993730481171 0.5892529790112717 
0.18161386387602124 0.9648067576449211 
0.0418292665884078 0.027146028909465825 
0.821985468586065 0.02238679289510781 
0.11054212187981333 0.6504834015749682 
0.5879036712824223 0.10891621112910121 
0.9929359870163333 0.21145616693990954 
0.037187651839781455 0.9010342957587731 
0.4131050094457756 0.27915015191532455 
0.5662511645511971 0.08961831521937924 
0.9341350968962613 0.9850787932040177 
0.8830161695834946 0.09041749639902874 
0.78534667471917 0.6174788365015332 
0.29126972487853103 0.2044581461140323 
0.4800014642040166 0.7739537509354398 
0.8848657849261834 0.8760269445439801 
0.35164974711653363 0.46115472945615 
0.869102892738967 0.4066514154875003 
0.1068189375173989 0.7074759589734235 
0.030156809619850733 0.392096915532241 
0.1661313471857448 0.7528391614384126 
0.12105685454000398 0.8867989978271655 
0.36371045614979025 0.9871203865142182 
0.6217484474607626 0.2754674990550082 
0.0260339782092181 0.9547208964094513 
0.04053659322146802 0.8301167464161412 
0.1966869352094956 0.9845076266571982 
0.40347508506124163 0.14866981038653954 
0.8346137133490159 0.7587352003260812 
0.15414256751970684 0.6411805957206895 
0.16624144445556988 0.7087082080659721 
0.05945822942719886 0.9627621909573991 
0.33129702589812293 0.05650066306129209 
0.0982628391716397 0.825169203515745 
0.5429457022315507 0.7752390877630236 
0.6580102673559488 0.7609683556817111 
0.7722375300666584 0.1874529064171363 
0.9114905576017613 0.2238872430913108 
0.28673003132247116 0.4861588095378284 
0.49136393602132816 0.47653584413310324 
0.4929770891105397 0.650183947062779 
0.3925929788033673 0.7275552768971166 
0.883320442378958 0.49820758827155004 
0.6234584869043798 0.6184174440649013 
0.8462406159788776 0.36763603544088275 
0.24074326870858498 0.33631982783581094 
0.6110816222826014 0.3260357906652338 
0.4156494534196189 0.37464737940467063 
0.3074419937528305 0.1598454906081958 
0.7743387211033116 0.5959057680523984 
0.023346596859609936 0.6288441952904595 
0.9872241546903229 0.0513784646811965 
0.24276829766831604 0.7135885098367527 
0.8052760749888859 0.39357372623195036 
0.8629027805286416 0.27393123430068345 
0.357741639838681 0.1479411498095028 
0.47062623962268196 0.04911786095246129 
0.25588216318340046 0.12370526878753907 
0.515205634076596 0.23008897896791286 
0.002458643758102952 0.18954624644735807 
0.3737155495746519 0.7646626946514476 
0.09744491505932829 0.013921655753084128 
0.8713967881758424 0.12712208999196462 
0.525378097741215 0.7513374471910855 
0.5530982596000906 0.5487763696216882 
0.5268177508413244 0.5843596386651868 
0.5029896545278008 0.2742127507303679 
0.07650149208071572 0.40072694474449794 
0.2268804443347468 0.696904113929197 
0.007081318325397046 0.7907985383751127 
0.287756822776376 0.6763035414095723 
0.5078733672313785 0.781982559153547 
0.5252086734261905 0.05331291233199864 
0.8522079913961129 0.12144488911076246 
0.883938079344786 0.5985282497958024 
0.40322672318977587 0.40379120496725723 
0.22977858815481667 0.509866606730034 
0.6029301459526211 0.8119755814646727 
0.5470551517549334 0.7099225466210591 
0.7799184682989693 0.6927903297605316 
0.44944029547783015 0.9817293076891263 
0.08310109942771332 0.06678914945750286 
0.8759054270581135 0.9818649403141537 
0.07916462147805647 0.005449785468393364 
0.8364722998912661 0.894953296709453 
0.9662882836865314 0.8434019486396291 
0.5869935375323836 0.0032119316294411115 
0.2856851806343768 0.006984187377357842 
0.1907633367839368 0.43212505245460564 
0.6826298169027722 0.9643273451232743 
0.8991799035467074 0.2104948559736386 
0.3218252423516367 0.5353892061142018 
0.6634765205247624 0.30396981056953537 
0.9872820640889527 0.12226462002944127 
0.3197520239522638 0.381372178421005 
0.5334143889731822 0.8358379846273355 
0.04133939248153451 0.4069029495057042 
0.08285200842719898 0.6635506852351818 
0.3460982888039986 0.5820057186601305 
0.7084470962666403 0.9128397105909665 
0.32342699405573627 0.7884502039541406 
0.22573067593280954 0.07914625994180469 
0.7618993320481982 0.2133650697140484 
0.24813570113763195 0.2707469245288353 
0.912157923288358 0.17183225040911926 
0.8637371807451503 0.7873143093846745 
0.13626988132466444 0.34107232249093633 
0.5455208929829679 0.9471498560923306 
0.24903321770086584 0.7649024483350906 
0.1602524054479365 0.002446711422715353 
0.2066892977585575 0.30916453816661815 
0.713183317426383 0.40628407784749243 
0.45836258243385647 0.31628656451214554 
0.7350528750874448 0.8153421731354522 
0.4178309599648516 0.07674055814886138 
0.08696396183818339 0.6293343006940452 
0.5990018487201271 0.8547778637466453 
0.25507622051374623 0.10299321407139944 
0.9185158476291689 0.4932234479185907 
0.4485715971787599 0.6138329738414021 
0.5054878930961183 0.935118802026264 
0.701439998026978 0.5202183423998828 
0.6358990202088722 0.29365298080422375 
0.4378675982493586 0.39696528727960984 
0.8129793015102282 0.628548269333272 
0.04325814541830297 0.7963599951047 
0.7108818130925231 0.8119994789755599 
0.9633249386307353 0.2666663965735636 
0.6951280323305528 0.6751504149512481 
0.3424772191712617 0.6034690269370147 
0.885617904836125 0.41935055536672106 
0.9313551098872449 0.2408947296049167 
0.7506854477613798 0.9356044459577404 
0.03414851691157256 0.6588771063999463 
0.42907761148100965 0.21147039240304744 
0.5620854920506904 0.8926964884784948 
0.8585040252604579 0.08861171850057598 
0.967587173096222 0.08406950816129033 
0.3110610959244358 0.5806475134677699 
0.7747735584728224 0.9865267057546123 
0.20918670612309986 0.9648244708822176 
0.03681429453559604 0.14958405268621122 
0.2528677308905216 0.6244800946377199 
0.8518096844141063 0.2875997151525315 
0.7562727259931272 0.005900291346028319 
0.017116187641835867 0.23583435734321734 
0.31864403294239396 0.7220383660706444 
0.09984587587505778 0.39336626612539877 
0.49275271680431065 0.9117086045460111 
0.876414892200574 0.5368254142311154 
0.6137424676672268 0.7460984978195294 
0.6294557174722339 0.8479795901960274 
0.8811754088303901 0.32084030020270543 
0.703013476283293 0.4481361215706493 
0.1451274893126676 0.11084206691728221 
0.37235311470823523 0.8199535514094217 
0.6717428758631995 0.32384972908603293 
0.13328757317506051 0.9868369258183423 
0.41971729855262435 0.4225250683516492 
0.7956418297279978 0.029802607673738823 
0.2714305200888576 0.18685427955176936 
0.16693508909639104 0.07987387604566609 
0.6578334443902464 0.489748651387926 
0.4640082569609967 0.39968705506545726 
0.09453208491175225 0.3056782068018692 
0.8528682233195283 0.6196864486032785 
0.5171995426149636 0.11294995004656722 
0.296630384792651 0.7934675434917906 
0.713399543276882 0.6324510364441146 
0.7814074360890813 0.7654104922707138 
0.6237299092458364 0.5796752396998162 
0.18106957420572367 0.5204401625052507 
0.5314786513701233 0.7196064048838453 
0.40941904304809035 0.11229881941051689 
0.2642155829129559 0.8014188903732575 
